날짜,지점,단백질(g),칼슘(mg),나트륨(mg)
1998-12-31,108,76.1,503.7,4951.2
2001-12-31,108,73.5,503.3,5430.2
2005-12-31,108,77.7,560.5,5691.8
2007-12-31,108,68.6,477.5,4854.9
2008-12-31,108,69.2,495.3,5006.5
2009-12-31,108,70.7,499.8,5073.3
2010-12-31,108,77.5,534.4,5225.6
2011-12-31,108,76.4,518.0,5211.0
2012-12-31,108,75.3,508.3,4942.1
2013-12-31,108,74.2,500.3,4176.3
2014-12-31,108,74.1,494.6,4033.2
2015-12-31,108,76.7,510.1,4188.7
2016-12-31,108,76.7,526.5,3585.5
2017-12-31,108,75.5,524.4,3586.5
2018-12-31,108,74.8,517.3,3488.4
2019-12-31,108,75.5,492.1,3455.6
2020-12-31,108,74.3,486.6,3350.4
2021-12-31,108,74.0,486.3,3224.1
2022-12-31,108,72.1,488.4,3213.3
2023-12-31,108,73.0,495.2,3282.3
2024-12-31,108,75.7,499.0,3279.6
